N=1 n=1 c=1 left=-1 right=1 low=-1 up=1 width=1280 height=720
0, 142.0981261730194092, 142.0176119804382324, 0.0770330429077148, 0.0017678737640381
N=1 n=2 c=1 left=-1 right=1 low=-1 up=1 width=1280 height=720
1, 71.0625140666961670, 71.0266339778900146, 0.0000000000000000, 0.0345010757446289
0, 71.1404161453247070, 71.0595140457153320, 0.0764150619506836, 0.0028479099273682
N=1 n=4 c=1 left=-1 right=1 low=-1 up=1 width=1280 height=720
1, 35.5487549304962158, 35.5455000400543213, 0.0000000000000000, 0.0018398761749268
2, 35.5501248836517334, 35.5164279937744141, 0.0000009536743164, 0.0322029590606689
3, 35.5501110553741455, 35.5158309936523438, 0.0000000000000000, 0.0328860282897949
0, 35.6267080307006836, 35.5440070629119873, 0.0762398242950439, 0.0047211647033691
N=2 n=8 c=1 left=-1 right=1 low=-1 up=1 width=1280 height=720
1, 17.7788429260253906, 17.7750818729400635, 0.0000000000000000, 0.0018341541290283
2, 17.7794189453125000, 17.7663989067077637, 0.0000009536743164, 0.0115690231323242
3, 17.7797920703887939, 17.7732810974121094, 0.0000000000000000, 0.0051620006561279
4, 17.7794609069824219, 17.7709200382232666, 0.0000000000000000, 0.0072278976440430
5, 17.7816519737243652, 17.7759301662445068, 0.0000000000000000, 0.0034968852996826
6, 17.7813129425048828, 17.7508070468902588, 0.0000000000000000, 0.0286622047424316
7, 17.7825090885162354, 17.7426781654357910, 0.0000000000000000, 0.0383639335632324
0, 17.8584868907928467, 17.7741870880126953, 0.0762231349945068, 0.0065038204193115
N=4 n=16 c=1 left=-1 right=1 low=-1 up=1 width=1280 height=720
1, 8.9011070728302002, 8.8928170204162598, 0.0000000000000000, 0.0063800811767578
2, 8.9050981998443604, 8.8974778652191162, 0.0000000000000000, 0.0062241554260254
3, 8.9073441028594971, 8.9022479057312012, 0.0000000000000000, 0.0037460327148438
4, 8.9166989326477051, 8.9017329216003418, 0.0000000000000000, 0.0136909484863281
5, 8.9180889129638672, 8.9136149883270264, 0.0000000000000000, 0.0031070709228516
8, 8.9180669784545898, 8.8914229869842529, 0.0000000000000000, 0.0252871513366699
6, 8.9180638790130615, 8.9040498733520508, 0.0000011920928955, 0.0127940177917480
7, 8.9181029796600342, 8.9061038494110107, 0.0000000000000000, 0.0106370449066162
9, 8.9182271957397461, 8.8789389133453369, 0.0000009536743164, 0.0378849506378174
11, 8.9182279109954834, 8.8732450008392334, 0.0000000000000000, 0.0435390472412109
13, 8.9183220863342285, 8.8592631816864014, 0.0000000000000000, 0.0576498508453369
10, 8.9183490276336670, 8.8688168525695801, 0.0000009536743164, 0.0476620197296143
14, 8.9183158874511719, 8.8465690612792969, 0.0000000000000000, 0.0703859329223633
15, 8.9183399677276611, 8.8316838741302490, 0.0000000000000000, 0.0851991176605225
12, 8.9183909893035889, 8.8691289424896240, 0.0000000000000000, 0.0473461151123047
0, 8.9942438602447510, 8.8842878341674805, 0.0757961273193359, 0.0326590538024902
N=4 n=24 c=1 left=-1 right=1 low=-1 up=1 width=1280 height=720
15, 5.9181659221649170, 5.9095950126647949, 0.0000000000000000, 0.0068018436431885
11, 5.9242839813232422, 5.9119088649749756, 0.0000000000000000, 0.0108940601348877
1, 5.9254112243652344, 5.9200189113616943, 0.0000000000000000, 0.0035841464996338
13, 5.9272649288177490, 5.9223380088806152, 0.0000000000000000, 0.0029749870300293
7, 5.9277188777923584, 5.9198160171508789, 0.0000000000000000, 0.0065250396728516
5, 5.9339821338653564, 5.9205400943756104, 0.0000000000000000, 0.0119659900665283
3, 5.9349389076232910, 5.9300510883331299, 0.0000000000000000, 0.0033659934997559
9, 5.9357550144195557, 5.9289889335632324, 0.0000000000000000, 0.0053138732910156
22, 5.9428629875183105, 5.9170169830322266, 0.0000000000000000, 0.0243749618530273
23, 5.9425399303436279, 5.9115149974822998, 0.0000000000000000, 0.0291590690612793
18, 5.9429950714111328, 5.9277529716491699, 0.0000000000000000, 0.0133669376373291
12, 5.9433228969573975, 5.9186429977416992, 0.0000000000000000, 0.0233340263366699
19, 5.9429440498352051, 5.9345948696136475, 0.0000009536743164, 0.0064871311187744
20, 5.9436318874359131, 5.9246149063110352, 0.0000000000000000, 0.0175750255584717
21, 5.9437520503997803, 5.9347808361053467, 0.0000011920928955, 0.0071380138397217
16, 5.9438300132751465, 5.9255309104919434, 0.0000000000000000, 0.0169441699981689
17, 5.9437630176544189, 5.9254710674285889, 0.0000000000000000, 0.0163130760192871
14, 5.9435451030731201, 5.9132640361785889, 0.0000000000000000, 0.0286569595336914
8, 5.9442369937896729, 5.9309628009796143, 0.0000000000000000, 0.0118551254272461
4, 5.9440779685974121, 5.9291439056396484, 0.0000000000000000, 0.0133941173553467
10, 5.9443650245666504, 5.9192881584167480, 0.0000000000000000, 0.0237090587615967
6, 5.9442908763885498, 5.9228379726409912, 0.0000000000000000, 0.0201790332794189
2, 5.9449710845947266, 5.9209358692169189, 0.0000000000000000, 0.0224671363830566
0, 6.0212759971618652, 5.9190149307250977, 0.0763180255889893, 0.0241780281066895
N=4 n=32 c=1 left=-1 right=1 low=-1 up=1 width=1280 height=720
29, 4.4921648502349854, 4.4011638164520264, 0.0000000000000000, 0.0890460014343262
31, 4.4921469688415527, 4.3693318367004395, 0.0000000000000000, 0.1209299564361572
21, 4.4922699928283691, 4.4420671463012695, 0.0000000000000000, 0.0484039783477783
23, 4.4923341274261475, 4.4249739646911621, 0.0000000000000000, 0.0656149387359619
25, 4.4924738407135010, 4.4168980121612549, 0.0000000000000000, 0.0736460685729980
27, 4.4925370216369629, 4.4123098850250244, 0.0000000000000000, 0.0783579349517822
17, 4.4926781654357910, 4.4415140151977539, 0.0000000000000000, 0.0491659641265869
19, 4.4927120208740234, 4.4469411373138428, 0.0000000000000000, 0.0437748432159424
26, 4.4926159381866455, 4.4096219539642334, 0.0000000000000000, 0.0809640884399414
20, 4.4925410747528076, 4.4398210048675537, 0.0000009536743164, 0.0509500503540039
16, 4.4925599098205566, 4.4427380561828613, 0.0000009536743164, 0.0479729175567627
18, 4.4926550388336182, 4.4491670131683350, 0.0000009536743164, 0.0414760112762451
22, 4.4927148818969727, 4.4225208759307861, 0.0000000000000000, 0.0683710575103760
24, 4.4927678108215332, 4.4176180362701416, 0.0000000000000000, 0.0733859539031982
28, 4.4928071498870850, 4.4049620628356934, 0.0000000000000000, 0.0858259201049805
13, 4.4930889606475830, 4.4614109992980957, 0.0000011920928955, 0.0298798084259033
30, 4.4927840232849121, 4.3883829116821289, 0.0000009536743164, 0.1026360988616943
15, 4.4931712150573730, 4.4660568237304688, 0.0000000000000000, 0.0250220298767090
11, 4.4932930469512939, 4.4640448093414307, 0.0000000000000000, 0.0274522304534912
10, 4.4931778907775879, 4.4622979164123535, 0.0000000000000000, 0.0289189815521240
5, 4.4933140277862549, 4.4761819839477539, 0.0000000000000000, 0.0152580738067627
12, 4.4932160377502441, 4.4663310050964355, 0.0000000000000000, 0.0249688625335693
8, 4.4932999610900879, 4.4759519100189209, 0.0000000000000000, 0.0153899192810059
7, 4.4932999610900879, 4.4847319126129150, 0.0000009536743164, 0.0065460205078125
4, 4.4933028221130371, 4.4656941890716553, 0.0000000000000000, 0.0257999897003174
3, 4.4935019016265869, 4.4565160274505615, 0.0000000000000000, 0.0351269245147705
14, 4.4933309555053711, 4.4617550373077393, 0.0000000000000000, 0.0296359062194824
6, 4.4934008121490479, 4.4852490425109863, 0.0000000000000000, 0.0063440799713135
9, 4.4935481548309326, 4.4664142131805420, 0.0000000000000000, 0.0251159667968750
2, 4.4936408996582031, 4.4504318237304688, 0.0000009536743164, 0.0412540435791016
1, 4.4941639900207520, 4.4531550407409668, 0.0000000000000000, 0.0392580032348633
0, 4.5700569152832031, 4.4432480335235596, 0.0759770870208740, 0.0488779544830322
N=4 n=40 c=1 left=-1 right=1 low=-1 up=1 width=1280 height=720
1, 3.5938198566436768, 3.5879337787628174, 0.0000000000000000, 0.0036988258361816
15, 3.5949470996856689, 3.5839159488677979, 0.0000000000000000, 0.0088980197906494
13, 3.5952231884002686, 3.5896558761596680, 0.0000000000000000, 0.0034589767456055
3, 3.6131911277770996, 3.6078858375549316, 0.0000000000000000, 0.0031619071960449
11, 3.6155381202697754, 3.6003189086914062, 0.0000000000000000, 0.0131850242614746
9, 3.6180918216705322, 3.6058969497680664, 0.0000009536743164, 0.0100040435791016
7, 3.6229410171508789, 3.6168739795684814, 0.0000000000000000, 0.0038790702819824
5, 3.6236789226531982, 3.6176140308380127, 0.0000000000000000, 0.0038709640502930
28, 3.6269237995147705, 3.5147018432617188, 0.0000000000000000, 0.1099498271942139
36, 3.6269049644470215, 3.5236358642578125, 0.0000000000000000, 0.1010191440582275
24, 3.6270868778228760, 3.5031559467315674, 0.0000000000000000, 0.1216540336608887
32, 3.6270101070404053, 3.5183889865875244, 0.0000000000000000, 0.1064078807830811
20, 3.6273839473724365, 3.5377659797668457, 0.0000000000000000, 0.0873529911041260
16, 3.6274161338806152, 3.5728061199188232, 0.0000009536743164, 0.0524411201477051
25, 3.6272189617156982, 3.5038378238677979, 0.0000009536743164, 0.1211740970611572
8, 3.6274821758270264, 3.6126029491424561, 0.0000000000000000, 0.0127341747283936
35, 3.6275210380554199, 3.5287690162658691, 0.0000000000000000, 0.0965631008148193
27, 3.6276338100433350, 3.5024309158325195, 0.0000000000000000, 0.1230790615081787
33, 3.6273250579833984, 3.5230629444122314, 0.0000000000000000, 0.1021890640258789
26, 3.6276659965515137, 3.4955079555511475, 0.0000000000000000, 0.1298429965972900
34, 3.6277709007263184, 3.5223131179809570, 0.0000000000000000, 0.1032569408416748
38, 3.6278698444366455, 3.5138988494873047, 0.0000000000000000, 0.1117420196533203
17, 3.6276490688323975, 3.5590350627899170, 0.0000000000000000, 0.0665838718414307
39, 3.6278820037841797, 3.5038928985595703, 0.0000000000000000, 0.1218020915985107
37, 3.6277220249176025, 3.5219049453735352, 0.0000000000000000, 0.1036338806152344
19, 3.6280381679534912, 3.5437948703765869, 0.0000000000000000, 0.0820000171661377
18, 3.6280739307403564, 3.5458419322967529, 0.0000000000000000, 0.0800762176513672
29, 3.6278891563415527, 3.5285410881042480, 0.0000000000000000, 0.0971949100494385
30, 3.6282298564910889, 3.5238561630249023, 0.0000000000000000, 0.1021449565887451
31, 3.6283099651336670, 3.5250990390777588, 0.0000009536743164, 0.1009981632232666
21, 3.6281948089599609, 3.5276041030883789, 0.0000000000000000, 0.0984098911285400
23, 3.6284699440002441, 3.5176188945770264, 0.0000000000000000, 0.1086380481719971
22, 3.6285588741302490, 3.5179018974304199, 0.0000011920928955, 0.1083509922027588
14, 3.6290450096130371, 3.5891849994659424, 0.0000000000000000, 0.0376551151275635
12, 3.6293001174926758, 3.5875279903411865, 0.0000000000000000, 0.0395770072937012
10, 3.6290271282196045, 3.6098179817199707, 0.0000000000000000, 0.0171389579772949
4, 3.6293921470642090, 3.6164629459381104, 0.0000000000000000, 0.0107979774475098
6, 3.6294679641723633, 3.6160480976104736, 0.0000000000000000, 0.0112340450286865
2, 3.6294760704040527, 3.6004459857940674, 0.0000000000000000, 0.0270609855651855
0, 3.7058019638061523, 3.5767419338226318, 0.0760550498962402, 0.0505950450897217
N=4 n=48 c=1 left=-1 right=1 low=-1 up=1 width=1280 height=720
15, 2.9550669193267822, 2.9443919658660889, 0.0000000000000000, 0.0080888271331787
13, 2.9604120254516602, 2.9520950317382812, 0.0000000000000000, 0.0055189132690430
31, 2.9604380130767822, 2.9488420486450195, 0.0000000000000000, 0.0092000961303711
17, 2.9678521156311035, 2.9616980552673340, 0.0000000000000000, 0.0033268928527832
27, 2.9680840969085693, 2.9613909721374512, 0.0000000000000000, 0.0039820671081543
1, 2.9698171615600586, 2.9631500244140625, 0.0000009536743164, 0.0039501190185547
29, 2.9701378345489502, 2.9536309242248535, 0.0000009536743164, 0.0137519836425781
25, 2.9703810214996338, 2.9594740867614746, 0.0000000000000000, 0.0083827972412109
11, 2.9706220626831055, 2.9637720584869385, 0.0000000000000000, 0.0041201114654541
9, 2.9730050563812256, 2.9600460529327393, 0.0000000000000000, 0.0102429389953613
5, 2.9768981933593750, 2.9699459075927734, 0.0000000000000000, 0.0042169094085693
3, 2.9779338836669922, 2.9710049629211426, 0.0000000000000000, 0.0042228698730469
19, 2.9798350334167480, 2.9733028411865234, 0.0000000000000000, 0.0039660930633545
7, 2.9808089733123779, 2.9754099845886230, 0.0000000000000000, 0.0031750202178955
21, 2.9838550090789795, 2.9778800010681152, 0.0000000000000000, 0.0031881332397461
23, 2.9852929115295410, 2.9788458347320557, 0.0000000000000000, 0.0037350654602051
47, 2.9890699386596680, 2.9537940025329590, 0.0000000000000000, 0.0327680110931396
35, 2.9888250827789307, 2.9611821174621582, 0.0000000000000000, 0.0255198478698730
43, 2.9896328449249268, 2.9643449783325195, 0.0000000000000000, 0.0227200984954834
39, 2.9892508983612061, 2.9690520763397217, 0.0000011920928955, 0.0177187919616699
34, 2.9897530078887939, 2.9796359539031982, 0.0000000000000000, 0.0073180198669434
42, 2.9899120330810547, 2.9637069702148438, 0.0000000000000000, 0.0233898162841797
32, 2.9899599552154541, 2.9691870212554932, 0.0000000000000000, 0.0179951190948486
33, 2.9900629520416260, 2.9717929363250732, 0.0000000000000000, 0.0155770778656006
44, 2.9901070594787598, 2.9570090770721436, 0.0000000000000000, 0.0303120613098145
22, 2.9900009632110596, 2.9707949161529541, 0.0000000000000000, 0.0163171291351318
40, 2.9901719093322754, 2.9681780338287354, 0.0000000000000000, 0.0192570686340332
46, 2.9901618957519531, 2.9505500793457031, 0.0000000000000000, 0.0368211269378662
41, 2.9901840686798096, 2.9673509597778320, 0.0000000000000000, 0.0204100608825684
45, 2.9901938438415527, 2.9598710536956787, 0.0000000000000000, 0.0278542041778564
36, 2.9902269840240479, 2.9687249660491943, 0.0000011920928955, 0.0188419818878174
38, 2.9903049468994141, 2.9674060344696045, 0.0000000000000000, 0.0202660560607910
20, 2.9903149604797363, 2.9712729454040527, 0.0000000000000000, 0.0161640644073486
30, 2.9898509979248047, 2.9544799327850342, 0.0000000000000000, 0.0327620506286621
37, 2.9903569221496582, 2.9739019870758057, 0.0000000000000000, 0.0138931274414062
18, 2.9905259609222412, 2.9675459861755371, 0.0000000000000000, 0.0200960636138916
16, 2.9906280040740967, 2.9609868526458740, 0.0000000000000000, 0.0267782211303711
28, 2.9906909465789795, 2.9629898071289062, 0.0000000000000000, 0.0249249935150146
26, 2.9907891750335693, 2.9579670429229736, 0.0000000000000000, 0.0300040245056152
24, 2.9908628463745117, 2.9630548954010010, 0.0000000000000000, 0.0250132083892822
14, 2.9904270172119141, 2.9488239288330078, 0.0000009536743164, 0.0388650894165039
10, 2.9909930229187012, 2.9535801410675049, 0.0000000000000000, 0.0350120067596436
12, 2.9911110401153564, 2.9542000293731689, 0.0000011920928955, 0.0341699123382568
8, 2.9911091327667236, 2.9653291702270508, 0.0000000000000000, 0.0233199596405029
6, 2.9903450012207031, 2.9725220203399658, 0.0000000000000000, 0.0156998634338379
4, 2.9913730621337891, 2.9698350429534912, 0.0000000000000000, 0.0191431045532227
2, 2.9916541576385498, 2.9663879871368408, 0.0000000000000000, 0.0228641033172607
0, 3.0678319931030273, 2.9595291614532471, 0.0760838985443115, 0.0297060012817383
